final float[] aProb = {
  0.62816,
  0.77786,
  0.43834,
  0.43945,
  0.58655,
  0.59398,
  0.53492,
  0.50371,
  0.51449,
  0.45059,
  0.39562,
  0.37779,
  0.37630,
  0.37481,
  0.37890,
  0.37964,
  0.37927,
  0.37556,
  0.37333,
  0.37370,
  0.37147,
  0.37481,
  0.37147,
  0.37147,
  0.37221,
  0.37147,
  0.37147,
  0.37147,
  0.37147,
  0.37147,
  0.37147,
  0.37147,
  0.37147,
};

final float[] iProb = {
  0.88309,
  0.81574,
  0.51192,
  0.46008,
  0.40636,
  0.39463,
  0.39160,
  0.38630,
  0.38820,
  0.38668,
  0.38403,
  0.39274,
  0.40257,
  0.42603,
  0.42906,
  0.44873,
  0.47333,
  0.43133,
  0.43549,
  0.42187,
  0.41544,
  0.39992,
  0.38441,
  0.40030,
  0.39387,
  0.37836,
  0.37836,
  0.37836,
  0.37836,
  0.37836,
  0.37836,
  0.37836,
  0.37836,
};

final float[] oProb = {
  0.83536,
  0.66046,
  0.52852,
  0.69620,
  0.45323,
  0.49011,
  0.51445,
  0.44259,
  0.42662,
  0.40114,
  0.39886,
  0.38935,
  0.39240,
  0.39392,
  0.40000,
  0.39696,
  0.39696,
  0.38897,
  0.38745,
  0.38403,
  0.38707,
  0.38783,
  0.38099,
  0.38631,
  0.38251,
  0.38023,
  0.38023,
  0.38023,
  0.38023,
  0.38023,
  0.38023,
  0.38023,
  0.38023,
};

final float[] xProb = {
  0.5,
  0.5,
  0.5,
  0.5,
  0.5,
  0.5,
  0.5,
  0.5,
  0.5,
  0.5,
  0.5,
  0.5,
  0.5,
  0.5,
  0.5,
  0.5,
  0.5,
  0.5,
  0.5,
  0.5,
  0.5,
  0.5,
  0.5,
  0.5,
  0.5,
  0.5,
  0.5,
  0.5,
  0.5,
  0.5,
  0.5,
  0.5,
  0.5,
};
